id=32319
玫瑰萌芽石拱门# red
containable=0
containSize=1.000000,vertSlotRot=0.000000
permanent=1,minPickupAge=3
noFlip=0
sideAccess=0
heldInHand=0
blocksWalking=0,leftBlockingRadius=0,rightBlockingRadius=0,drawBehindPlayer=0
mapChance=0.000000#biomes_0
heatValue=0
rValue=0.900000
person=0,noSpawn=0
male=0
deathMarker=0
homeMarker=0
floor=0
floorHugging=1
wallLayer=1
foodValue=0
speedMult=1.000000
heldOffset=0.000000,0.000000
clothing=n
clothingOffset=0.000000,0.000000
deadlyDistance=0
useDistance=1
sounds=290:0.250000,-1:0.0,-1:0.0,-1:0.0
creationSoundInitialOnly=1
creationSoundForce=0
numSlots=0#timeStretch=1.000000
slotSize=1.000000
slotsLocked=0
numSprites=13
spriteID=100523
pos=0.000000,31.000000
rot=0.000000
hFlip=0
color=1.000000,1.000000,1.000000
ageRange=-1.000000,-1.000000
parent=-1
invisHolding=0,invisWorn=0,behindSlots=0
invisCont=0
spriteID=200123
pos=-59.000000,-18.000000
rot=0.000000
hFlip=0
color=1.000000,1.000000,1.000000
ageRange=-1.000000,-1.000000
parent=-1
invisHolding=0,invisWorn=0,behindSlots=0
invisCont=0
spriteID=200123
pos=49.000000,-18.000000
rot=0.000000
hFlip=0
color=1.000000,1.000000,1.000000
ageRange=-1.000000,-1.000000
parent=-1
invisHolding=0,invisWorn=0,behindSlots=0
invisCont=0
spriteID=200122
pos=51.999996,43.999998
rot=0.500000
hFlip=0
color=1.000000,1.000000,1.000000
ageRange=-1.000000,-1.000000
parent=-1
invisHolding=0,invisWorn=0,behindSlots=0
invisCont=0
spriteID=200121
pos=57.000004,31.000000
rot=0.000000
hFlip=0
color=1.000000,1.000000,1.000000
ageRange=-1.000000,-1.000000
parent=-1
invisHolding=0,invisWorn=0,behindSlots=0
invisCont=0
spriteID=200120
pos=45.000000,17.000000
rot=0.000000
hFlip=0
color=1.000000,1.000000,1.000000
ageRange=-1.000000,-1.000000
parent=-1
invisHolding=0,invisWorn=0,behindSlots=0
invisCont=0
spriteID=200120
pos=-57.000000,18.999999
rot=0.000000
hFlip=0
color=1.000000,1.000000,1.000000
ageRange=-1.000000,-1.000000
parent=-1
invisHolding=0,invisWorn=0,behindSlots=0
invisCont=0
spriteID=200119
pos=-47.000000,40.000000
rot=0.125000
hFlip=0
color=1.000000,1.000000,1.000000
ageRange=-1.000000,-1.000000
parent=-1
invisHolding=0,invisWorn=0,behindSlots=0
invisCont=0
spriteID=200121
pos=-55.000000,58.000002
rot=-0.125000
hFlip=0
color=1.000000,1.000000,1.000000
ageRange=-1.000000,-1.000000
parent=-1
invisHolding=0,invisWorn=0,behindSlots=0
invisCont=0
spriteID=200122
pos=-65.000004,40.000000
rot=0.500000
hFlip=0
color=1.000000,1.000000,1.000000
ageRange=-1.000000,-1.000000
parent=-1
invisHolding=0,invisWorn=0,behindSlots=0
invisCont=0
spriteID=200122
pos=-52.000004,80.000011
rot=-0.500000
hFlip=1
color=1.000000,1.000000,1.000000
ageRange=-1.000000,-1.000000
parent=-1
invisHolding=0,invisWorn=0,behindSlots=0
invisCont=0
spriteID=200121
pos=-38.000000,70.000000
rot=0.000000
hFlip=0
color=1.000000,1.000000,1.000000
ageRange=-1.000000,-1.000000
parent=-1
invisHolding=0,invisWorn=0,behindSlots=0
invisCont=0
spriteID=200121
pos=-49.000000,67.000000
rot=0.000000
hFlip=0
color=1.000000,1.000000,1.000000
ageRange=-1.000000,-1.000000
parent=-1
invisHolding=0,invisWorn=0,behindSlots=0
invisCont=0
headIndex=-1
bodyIndex=-1
backFootIndex=-1
frontFootIndex=-1
numUses=1,1.000000
useVanishIndex=-1
useAppearIndex=-1
pixHeight=136